"","극한직업","명량","변호인","택시운전사"
"서울시",3638127,4165111,2980105,2755874
"경기도",4098067,4051881,2482508,2833953
"강원도",446024,485685,260821,327192
"충청북도",456798,497938,296733,326396
"충청남도",538543,550058,309466,380854
"경상북도",600615,631366,344096,401872
"경상남도",894236,1043045,629167,702460
"전라북도",520466,581423,397135,445952
"전라남도",422524,399778,264185,358002
"제주도",182562,191760,115162,137511
"부산시",1146642,1384083,943699,911789
"대구시",856922,1017360,599873,596973
"대전시",557067,628654,419923,425096
"울산시",350428,382935,240035,270642
"인천시",885683,902956,544051,627466
"광주시",582777,671037,531607,631158
"세종시",85635,30367,16326,56005
